#JOSM PicLayer plugin calibration data
#Fri Jun 10 00:07:46 CEST 2022
POSITION_Y=8488827.639812768
POSITION_X=591799.3571665166
M12=12.009428000328354
M11=0.412370384687139
M10=0.061639838675488966
M02=-86.71188378989677
INITIAL_SCALE=117.99395046299307
M01=-0.06163998618310112
M00=0.41236976953271604
